date,sigma,std_sigma,precip,LAI,rzsm,psi_rz,ssm,psi_s,B1,B4,B5
2016-01-16 12:05:00,-13.769871,4.9381056,0.0,0.30000000000000004,43.9,0.08087616408902981,35.7,0.20336882972817613,0.023601680672268907,0.05622436974789917,0.08739915966386555
2016-01-28 12:05:00,-13.292973,4.886094,0.0,0.30000000000000004,44.17999999999999,0.07861519254712052,40.8,0.11211356868177678,0.023601680672268907,0.05622436974789917,0.08739915966386555
2016-01-28 12:05:00,-13.098388,4.783958,0.0,0.30000000000000004,44.17999999999999,0.07861519254712052,40.8,0.11211356868177678,0.023601680672268907,0.05622436974789917,0.08739915966386555
2016-02-02 12:13:00,-9.432738,3.439336,0.0,0.30000000000000004,44.06,0.07957457979392993,35.32,0.21330984587906085,0.023601680672268907,0.05622436974789917,0.08739915966386555
2016-02-02 12:13:00,-9.430226,3.4468389,0.0,0.30000000000000004,44.06,0.07957457979392993,35.32,0.21330984587906085,0.023601680672268907,0.05622436974789917,0.08739915966386555
2016-02-09 12:05:00,-12.677615,4.5349545,0.0,0.30000000000000004,43.940000000000005,0.0805483395890734,33.28,0.2781234721535035,0.023601680672268907,0.05622436974789917,0.08739915966386555
2017-05-04 12:04:00,-10.667934,3.8917873,0.0,1.1,45.9,0.06630307794461864,37.96,0.15466711315894188,0.04161512605042017,0.07161512605042017,0.1665352941176471
2017-09-13 12:04:00,-8.914096,3.3348143,0.0,1.4000000000000001,36.04,0.19495113718580728,32.980000000000004,0.2895850400200679,0.033666386554621855,0.054005882352941174,0.17566890756302522
2017-09-19 12:04:00,-10.585151,4.137561,0.0,1.3,32.8,0.29673990401448186,32.36,0.31516176184964056,0.020447899159663864,0.04670840336134454,0.1693243697478992
