date,sigma,std_sigma,precip,LAI,rzsm,psi_rz,ssm,psi_s,B1,B4,B5
2016-01-16 12:05:00,-8.581131,5.11443,0.0,0.6000000000000001,36.480000000000004,1.043066800342397,36.86,0.9488108093791711,0.032276470588235295,0.07153613445378151,0.268572268907563
2016-01-28 12:05:00,-9.380772,5.4493203,0.0,0.6000000000000001,36.62,1.0071830492003777,37.339999999999996,0.8429944621400526,0.032276470588235295,0.07153613445378151,0.268572268907563
2016-01-28 12:05:00,-9.502925,5.509464,0.0,0.6000000000000001,36.62,1.0071830492003777,37.339999999999996,0.8429944621400526,0.032276470588235295,0.07153613445378151,0.268572268907563
2016-02-02 12:13:00,-8.499973,4.960087,0.0,0.6000000000000001,36.56,1.0223913254740513,35.519999999999996,1.3309602293875755,0.032276470588235295,0.07153613445378151,0.268572268907563
2016-02-02 12:13:00,-8.535952,4.992643,0.0,0.6000000000000001,36.56,1.0223913254740513,35.519999999999996,1.3309602293875755,0.032276470588235295,0.07153613445378151,0.268572268907563
2016-02-09 12:05:00,-9.918074,5.814005,0.0,0.6000000000000001,36.04,1.1654077899629418,30.619999999999997,5.1685732139697524,0.032276470588235295,0.07153613445378151,0.268572268907563
2017-05-04 12:04:00,-8.876156,5.1928844,0.0,3.6,36.96,0.9256051339543983,35.3,1.408723795711804,0.02350336134453782,0.04698907563025209,0.37423445378151265
2017-09-13 12:04:00,-7.1782265,4.269001,0.0,3.0,34.3,1.8318614596191956,,,0.026510084033613445,0.05010420168067227,0.32356638655462183
2017-09-19 12:05:00,-8.441513,5.0028124,0.0,2.3000000000000003,34.3,1.8318614596191956,,,0.026510084033613445,0.05010420168067227,0.32356638655462183
