date,sigma,std_sigma,precip,LAI,rzsm,psi_rz,ssm,psi_s,B1,B4,B5
2015-02-17 14:06:00,-7.0078697,4.048417,0.0,0.2,,,38.720000000000006,0.8195520091374389,0.0348,0.08315,0.14875
2015-04-18 14:06:00,-7.3552437,4.3193126,0.0,0.5,,,37.739999999999995,1.0464371516286757,0.037950000000000005,0.08915000000000001,0.1892
2015-05-12 14:06:00,-8.775308,5.1390786,0.0,0.5,,,36.2,1.5566792483218477,0.0396,0.09179999999999998,0.20170000000000002
2015-08-16 14:06:00,-8.821261,5.1147547,0.0,0.2,,,23.68,89.00426235187436,0.0517,0.12335000000000002,0.1817
2015-09-09 14:06:00,-8.106905,4.6817756,0.0,0.2,,,22.380000000000003,152.46793135641477,0.064,0.16525,0.23529999999999998
2015-10-27 14:06:00,-9.2389,5.3536854,0.0,0.2,,,20.380000000000003,372.18291295612596,0.02905,0.08635000000000001,0.14885
2016-02-24 14:06:00,-7.033881,4.0873585,0.0,,,,,,0.7692499999999999,0.79045,0.65195
2016-03-19 14:06:00,-3.7757096,2.2567847,0.0,0.2,,,,,0.017,0.03905,0.0655
2016-05-30 14:06:00,-9.539881,5.5848145,0.0,0.8,,,,,0.041550000000000004,0.0926,0.22744999999999999
2016-08-10 14:06:00,-9.566291,5.5880895,0.0,0.30000000000000004,,,,,0.041150000000000006,0.1331,0.21595
2016-09-03 14:06:00,-8.257435,4.777121,0.0,0.30000000000000004,,,,,0.0402,0.13190000000000002,0.2125
2016-09-27 14:06:00,-9.53363,5.508462,0.0,0.30000000000000004,,,,,0.035100000000000006,0.13135000000000002,0.2061
2016-10-21 14:06:00,-8.042949,4.6470118,0.0,0.2,,,,,0.044,0.13565000000000002,0.20470000000000002
2016-11-14 14:06:00,-8.394766,4.873401,0.0,0.30000000000000004,,,,,0.05335,0.13974999999999999,0.2198
2017-01-01 14:06:00,-8.866603,5.4056277,0.0,0.0,,,,,0.9426000000000001,0.8640000000000001,0.78705
2017-03-02 14:06:00,-8.923018,5.2316813,0.0,0.0,,,,,1.191,1.3394000000000001,1.3045
2017-03-14 14:06:00,-10.16147,5.8772826,0.0,0.0,,,,,1.191,1.3394000000000001,1.3045
2017-04-07 14:06:00,-6.741827,3.9523635,0.0,0.1,,,,,0.03515,0.0877,0.15610000000000002
2017-05-01 14:06:00,-8.499456,4.9173903,0.0,0.4,,,,,0.03515,0.0877,0.15610000000000002
2017-05-13 14:06:00,-7.9823318,4.6976743,0.0,0.5,,,,,0.04655000000000001,0.12905,0.2464
2017-05-25 14:06:00,-7.4934773,4.3457813,0.0,0.5,,,,,0.044700000000000004,0.10415,0.20035000000000003
2017-06-06 14:06:00,-7.663554,4.481266,0.0,0.4,,,22.68,134.29156453560063,0.036500000000000005,0.09945000000000001,0.195
2017-06-18 14:06:00,-8.712124,5.130195,0.0,0.5,,,23.1,112.74048711489046,0.0436,0.11120000000000001,0.2053
2017-06-30 14:06:00,-8.9634075,5.1995573,0.0,0.5,,,23.619999999999997,91.18312059296034,0.04055,0.11185,0.19695000000000001
2017-07-12 14:06:00,-9.044643,5.2357583,0.0,0.4,,,23.119999999999997,111.814179727086,0.0421,0.11480000000000001,0.1953
2017-07-24 14:06:00,-8.959138,5.176562,0.0,0.5,,,22.56,141.25786260009187,0.0421,0.11480000000000001,0.1953
2017-08-05 14:06:00,-8.628251,5.0159707,0.0,0.30000000000000004,,,22.26,160.48617271465895,0.05085,0.12055,0.19565000000000002
2017-08-17 14:06:00,-8.172171,4.748138,0.0,0.30000000000000004,,,21.580000000000002,215.71697133503667,0.03805,0.11275000000000002,0.17975000000000002
2017-10-04 14:06:00,-8.139825,4.7402534,0.0,0.2,,,19.26,637.9324200110443,0.048400000000000006,0.128,0.1961
2017-10-16 14:06:00,-9.3102865,5.5261602,0.0,0.2,,,,,0.04425,0.11920000000000001,0.17955000000000002
2017-10-28 14:06:00,-10.244852,5.9349446,0.0,0.2,,,19.38,601.255631363972,0.040100000000000004,0.1106,0.1703
2017-12-03 14:06:00,-9.407715,5.6370893,0.0,0.1,,,34.6,2.395289452177757,0.4743,0.5018,0.5161
2017-12-15 14:06:00,-8.315617,4.8506565,0.0,0.1,,,31.820000000000004,5.322728773725522,0.4743,0.5018,0.5161
2017-12-27 14:06:00,-7.479582,4.319421,0.0,0.1,,,26.860000000000003,26.774227581095612,0.0282,0.08314999999999999,0.14095
2018-02-01 14:06:00,-11.46526,6.6678576,0.0,0.1,,,35.24,2.0112969765662334,0.5236000000000001,0.5768500000000001,0.57715
2018-02-25 14:06:00,-10.058847,5.8756056,0.0,0.0,,,33.779999999999994,3.0106438796842783,0.7567,0.8237000000000001,0.8280000000000001
2018-04-02 14:06:00,-9.28514,5.5596037,0.0,0.2,,,38.14,0.9463742856569086,0.0373,0.08215,0.1511
2018-04-26 14:06:00,-9.465649,5.466929,0.0,0.30000000000000004,,,37.519999999999996,1.1064158594058688,0.04045000000000001,0.0862,0.16340000000000002
2018-05-08 14:06:00,-11.856077,6.855523,0.0,0.6000000000000001,,,37.72,1.0517385392063658,0.04045000000000001,0.0862,0.16340000000000002
2018-05-20 14:06:00,-10.7002535,6.2882843,0.0,0.7000000000000001,,,33.22,3.530775136100445,0.030900000000000004,0.08085,0.19855
2018-06-01 14:06:00,-10.958255,6.3587036,0.0,0.7000000000000001,,,38.08,0.9606854166403666,0.030900000000000004,0.08085,0.19855
2018-06-13 14:06:00,-9.887146,5.7144036,0.0,0.5,,,29.02,12.808133242307886,0.037750000000000006,0.09135,0.20425000000000004
2018-06-25 14:06:00,-9.374169,5.432507,0.0,0.5,,,23.96,79.5688505137754,0.04045,0.10750000000000001,0.20145000000000002
2018-07-19 14:06:00,-10.957348,6.330604,0.0,0.5,,,22.08,173.4012789549193,0.0416,0.1131,0.19305
