date,sigma,std_sigma,precip,LAI,rzsm,psi_rz,ssm,psi_s,B1,B4,B5
2015-03-03 13:49:00,-12.085203,6.9883,0.0,0.4,,,9.959999999999999,165.2183752485062,0.04590769230769231,0.07380384615384615,0.18289615384615387
2015-03-27 13:49:00,-12.280716,7.120333,0.0,0.7000000000000001,,,10.280000000000001,139.6762597243846,0.05806153846153846,0.10703076923076923,0.23853076923076924
2015-04-20 13:49:00,-12.53772,7.271099,0.0,0.6000000000000001,,,9.0,283.0204587066929,0.06281923076923078,0.12563461538461537,0.24433076923076924
2015-06-07 13:49:00,-13.547874,7.9482355,0.004937255136467809,0.5,,,8.34,424.1079970191698,0.06854615384615385,0.13528076923076923,0.22688076923076925
2015-07-01 13:49:00,-12.822205,7.413989,0.0,0.30000000000000004,,,6.18,2083.5718002567514,0.0752423076923077,0.16729230769230768,0.2643615384615385
2015-07-25 13:49:00,-13.22765,7.638936,0.0,0.2,,,1.6199999999999999,2551704.9748776355,0.0708846153846154,0.14708076923076924,0.22832692307692312
2015-08-18 13:49:00,-14.011418,8.135939,0.0,0.2,,,2.56,224628.5637522929,0.06973076923076924,0.16481923076923077,0.24707692307692308
2015-09-11 13:49:00,-13.495322,7.8822255,0.0,0.2,,,4.380000000000001,12966.777612981976,0.06460384615384615,0.14880384615384615,0.25324230769230777
2015-10-05 13:49:00,-13.586412,7.9076495,0.0,0.30000000000000004,,,4.16,17048.623474039337,0.0652423076923077,0.14476538461538463,0.22305769230769235
2015-10-29 13:49:00,-7.9356093,4.6110187,0.0,0.2,,,11.499999999999998,76.99582448566659,0.05738461538461539,0.10795384615384615,0.1839346153846154
2015-11-22 13:49:00,-12.194252,7.0463486,0.0,0.30000000000000004,,,12.6,47.39995864064754,0.050050000000000004,0.08713846153846153,0.18215769230769233
2015-12-16 13:49:00,-11.993033,7.146136,0.0,0.1,,,16.2,12.478033301214847,0.46263461538461537,0.4671423076923077,0.4936115384615385
2016-01-09 13:49:00,-13.203599,7.6245427,0.0,0.30000000000000004,,,17.919999999999998,7.301566926483793,0.46263461538461537,0.4671423076923077,0.4936115384615385
2016-02-02 13:49:00,-12.455308,7.376194,0.0,0.30000000000000004,,,19.2,5.061635294337637,0.04165769230769231,0.09065769230769231,0.22133846153846154
2016-02-02 13:49:00,-12.609385,7.4436994,0.0,0.30000000000000004,,,19.2,5.061635294337637,0.04165769230769231,0.09065769230769231,0.22133846153846154
2016-02-26 13:49:00,-14.064539,8.480621,0.0,0.5,,,19.6,4.53664198070927,0.04559615384615385,0.07899230769230771,0.2019153846153846
2016-03-21 13:49:00,-8.742649,5.048335,0.0,0.8,,,20.02,4.053533033665354,0.04820000000000001,0.08031538461538462,0.2248346153846154
2016-06-01 13:49:00,-11.7636385,6.8003135,0.0,0.5,,,7.9,565.5674985888769,0.05897692307692308,0.13651923076923078,0.24551538461538464
2016-07-19 13:49:00,-12.994331,7.512288,0.0,0.30000000000000004,,,6.779999999999999,1273.7965295923639,0.0732923076923077,0.1716076923076923,0.2675038461538462
2016-08-12 13:49:00,-14.373322,8.3091,0.0,0.30000000000000004,,,5.1,5778.521365400295,0.06572307692307693,0.17819615384615387,0.2616230769230769
2016-09-05 13:49:00,-11.725229,6.8214946,0.0,0.30000000000000004,,,3.66,33653.35742259001,0.07311923076923077,0.16449999999999998,0.2581807692307692
2016-09-29 13:49:00,-11.758356,6.814425,0.0,0.2,,,4.16,17048.623474039337,0.07148846153846154,0.16144999999999998,0.2539038461538462
2016-10-23 13:49:00,-14.336491,8.312349,0.0,0.1,,,4.24,15408.36456373938,0.054450000000000005,0.1261076923076923,0.2078076923076923
2017-01-27 13:49:00,-11.42334,6.5981345,0.0,0.0,,,14.4,23.323892937062197,0.9388384615384616,0.86205,0.7648769230769231
2017-03-04 13:49:00,-11.759942,6.9571633,0.0,0.30000000000000004,,,20.94,3.193069970349642,0.044669230769230774,0.09170384615384616,0.18370769230769232
2017-03-16 13:49:00,-12.935668,7.5110817,0.0,0.5,,,21.759999999999998,2.6038410220932375,0.044669230769230774,0.09170384615384616,0.18370769230769232
2017-04-09 13:49:00,-10.701993,6.20429,0.0,0.7000000000000001,,,22.28,2.2969234267546215,0.05258461538461539,0.08864615384615386,0.21221923076923074
2017-04-21 13:49:00,-11.459752,6.7121105,0.0,0.7000000000000001,,,22.78,2.041546658145501,0.04993461538461538,0.09273846153846153,0.22785769230769232
2017-05-03 13:49:00,-11.665226,6.740577,0.0,0.8,,,22.160000000000004,2.363754441622181,0.059326923076923076,0.10942692307692307,0.24894615384615384
2017-05-27 13:49:00,-14.677004,8.474419,0.0,0.7000000000000001,,,17.919999999999998,7.301566926483793,0.06033461538461539,0.12878846153846155,0.24940000000000004
2017-06-08 13:49:00,-13.214748,7.6295524,0.0,0.5,,,11.14,91.16366888354017,0.06987692307692309,0.1557653846153846,0.28273076923076923
2017-06-20 13:49:00,-13.322357,7.823938,0.0,0.5,,,15.48,15.885489454845676,0.06944230769230769,0.15538846153846156,0.26223846153846153
2017-07-02 13:49:00,-14.0781555,8.169409,0.0,0.4,,,15.460000000000003,15.994931088977484,0.06596538461538462,0.14787692307692307,0.2473269230769231
2017-07-14 13:49:00,-12.843991,7.4239564,0.0,0.30000000000000004,,,16.26,12.23544290471813,0.0683923076923077,0.15792307692307692,0.2532615384615385
2017-07-26 13:49:00,-12.848162,7.441667,0.0,0.30000000000000004,,,15.62,15.143819904418933,0.0690923076923077,0.16651923076923078,0.2709615384615384
2017-08-07 13:49:00,-11.011164,6.3959284,0.0,0.30000000000000004,,,14.76,20.457378261436197,0.06767692307692308,0.1718423076923077,0.2659192307692308
2017-08-19 13:49:00,-11.377842,6.5828485,0.0,0.30000000000000004,,,14.040000000000001,26.680505535646443,0.06524615384615386,0.15950000000000003,0.24860384615384618
2017-08-31 13:49:00,-12.48903,7.2583795,0.0,0.30000000000000004,,,13.780000000000001,29.464943085039938,0.06246538461538462,0.16286153846153847,0.24935000000000002
2017-09-12 13:49:00,-13.20693,7.7576895,0.0,0.30000000000000004,,,12.98,40.48070894338045,0.06741153846153847,0.16649615384615382,0.2607307692307692
2017-10-18 13:49:00,-15.079516,8.726665,0.0,0.2,,,10.440000000000001,128.67725798108788,0.06789230769230768,0.15302307692307693,0.24263076923076926
2017-10-30 13:49:00,-14.284056,8.364434,0.0,0.2,,,10.379999999999999,132.67686819318246,0.06070384615384616,0.1475076923076923,0.23878076923076924
2017-12-29 13:49:00,-14.246447,8.251572,0.0,0.0,,,12.76,44.3276518441466,0.05536538461538462,0.09976153846153847,0.1973269230769231
2018-01-22 13:49:00,-11.066673,6.51719,0.0,0.2,,,15.920000000000002,13.68857949821254,0.05536538461538462,0.09976153846153847,0.1973269230769231
2018-02-03 13:49:00,-9.992798,5.7703195,0.0,0.30000000000000004,,,16.740000000000002,10.483822602748601,0.05536538461538462,0.09976153846153847,0.1973269230769231
2018-02-15 13:49:00,-10.95339,6.3444395,0.0,0.30000000000000004,,,15.940000000000001,13.597614122935083,0.05536538461538462,0.09976153846153847,0.1973269230769231
2018-02-15 13:49:00,-10.953386,6.344421,0.0,0.30000000000000004,,,15.940000000000001,13.597614122935083,0.05536538461538462,0.09976153846153847,0.1973269230769231
2018-04-04 13:49:00,-12.194377,7.062922,0.0,0.7000000000000001,,,18.04,7.047302339549663,0.058207692307692314,0.1026653846153846,0.22455000000000003
2018-04-16 13:49:00,-9.826517,5.676859,0.0,0.4,,,18.4,6.345274031110355,0.058207692307692314,0.1026653846153846,0.22455000000000003
2018-04-28 13:49:00,-11.998282,6.9333544,0.0,0.8,,,15.179999999999998,17.625323138641658,0.06355384615384616,0.11907307692307692,0.24155000000000004
2018-05-10 13:49:00,-11.886757,6.8858027,0.0,0.6000000000000001,,,9.959999999999999,165.2183752485062,0.06355384615384616,0.11907307692307692,0.24155000000000004
2018-06-03 13:49:00,-12.29516,7.100055,0.0,0.5,,,8.860000000000001,307.5934985823537,0.06651923076923076,0.13305,0.22453461538461542
2018-06-15 13:49:00,-12.964659,7.490344,0.0,0.30000000000000004,,,39.980000000000004,0.10294782510645831,0.0744423076923077,0.1512769230769231,0.24180384615384617
2018-06-27 13:49:00,-13.012213,7.514263,0.0,0.30000000000000004,,,40.339999999999996,0.09816171314234262,0.07550384615384616,0.1522153846153846,0.2320153846153846
2018-07-09 13:49:00,-13.992387,8.118289,0.0,0.2,,,40.36,0.09790366091736184,0.07610384615384615,0.17192307692307693,0.2561576923076923
2018-07-21 13:49:00,-13.572439,7.8407125,0.0,0.30000000000000004,,,40.220000000000006,0.09972711125484945,0.07610384615384615,0.17192307692307693,0.2561576923076923
2018-08-02 13:49:00,-14.841406,8.612189,0.0,0.2,,,40.160000000000004,0.10052092718775185,0.07316923076923078,0.16107692307692306,0.23800384615384618
2018-08-14 13:49:00,-16.129717,9.312957,0.0,0.2,,,40.260000000000005,0.09920203792140331,0.07463076923076922,0.1722423076923077,0.2527923076923077
2018-08-26 13:49:00,-13.704828,7.940482,0.0,0.30000000000000004,,,40.36,0.09790366091736184,0.07432307692307694,0.16444999999999999,0.24687307692307697
2018-09-07 13:49:00,-14.745506,8.589591,0.0,0.2,,,,,0.07432307692307694,0.16444999999999999,0.24687307692307697
2018-09-19 13:49:00,-15.362604,8.986817,0.0,0.30000000000000004,,,,,0.06871538461538462,0.15846923076923078,0.23644615384615383
2018-10-01 13:49:00,-14.057234,8.15385,0.0,0.2,,,,,0.06871538461538462,0.15846923076923078,0.23644615384615383
2018-10-13 13:49:00,-14.769098,8.532194,0.0,0.2,,,,,0.0647153846153846,0.1428730769230769,0.22361923076923076
2018-10-25 13:49:00,-14.901584,8.61744,0.0,0.2,,,,,0.0647153846153846,0.1428730769230769,0.22361923076923076
2018-11-06 13:49:00,-13.941275,8.050011,0.0,0.1,,,,,0.06308846153846154,0.13987307692307693,0.21235
2018-11-18 13:49:00,-13.839271,7.9910684,0.0,0.2,,,,,0.062246153846153854,0.14262307692307696,0.21710000000000002
2018-12-12 13:49:00,-11.687536,6.767167,0.0,0.0,,,,,0.7333153846153847,0.7117538461538462,0.677046153846154
2018-12-24 13:49:00,-11.450722,6.68453,0.0,0.1,,,,,0.04536153846153847,0.11933461538461537,0.1890115384615385
2019-01-05 13:49:00,-14.59745,8.473666,0.0,0.1,,,,,0.042565384615384616,0.09380000000000001,0.16186153846153845
