date,sigma,std_sigma,precip,LAI,rzsm,psi_rz,ssm,psi_s,B1,B4,B5
2015-01-16 13:32:00,-12.288991,7.1029468,0.0,0.2,6.7,74.58656228486473,26.8,0.4599031259961268,0.048799999999999996,0.12200000000000001,0.18235
2015-01-21 13:40:00,-12.178586,7.137673,0.0,0.2,7.0200000000000005,62.846819902458705,29.060000000000002,0.34166525595102,0.048799999999999996,0.12200000000000001,0.18235
2015-02-09 13:32:00,-11.195145,6.4707875,0.0,0.2,6.519999999999999,82.42803890019005,37.059999999999995,0.1399383318742397,0.048799999999999996,0.12200000000000001,0.18235
2015-02-14 13:40:00,-12.416227,7.1760063,0.0,0.2,6.779999999999999,71.40661134857159,36.71999999999999,0.14475368995260443,0.048799999999999996,0.12200000000000001,0.18235
2015-03-05 13:32:00,-13.308727,7.687019,0.0,0.30000000000000004,7.0,63.508461923575574,28.28,0.37755029006344765,0.08135,0.18330000000000002,0.25705000000000006
2015-03-10 13:40:00,-12.328378,7.119636,0.0,0.2,6.74,72.9745512035266,35.38,0.16591775409099485,0.08135,0.18330000000000002,0.25705000000000006
2015-03-29 13:32:00,-11.489901,6.6797767,0.0,0.5,7.12,59.66704129345392,33.8,0.19621134095649956,0.08135,0.18330000000000002,0.25705000000000006
2015-04-22 13:32:00,-14.35791,8.32323,0.0,0.5,7.4,51.78972333056487,30.6,0.28267142141109514,0.08225,0.17415,0.23575000000000002
2015-05-21 13:40:00,-11.006893,6.361103,0.0,0.8,8.940000000000001,25.873555533232697,39.04,0.11560118068386135,0.07955000000000001,0.1739,0.28155
2015-06-14 13:40:00,-10.487743,6.0743694,0.0,1.3,8.700000000000001,28.59154808167107,27.0,0.4475213026517202,0.07945,0.1651,0.30884999999999996
2015-07-03 13:32:00,-14.479647,8.526764,0.0,0.7000000000000001,7.220000000000001,56.68918294596325,23.919999999999995,0.6980766935327805,0.0794,0.16560000000000002,0.2873
2015-07-08 13:40:00,-10.21966,5.902086,0.0,0.6000000000000001,7.539999999999999,48.34652843880385,23.499999999999996,0.7449774790139336,0.0794,0.16560000000000002,0.2873
2015-07-27 13:32:00,-8.927637,5.156921,0.0,0.4,7.58,47.416609055811485,23.26,0.773584528868547,0.07540000000000001,0.17099999999999999,0.26445
2015-08-01 13:40:00,-11.228142,6.4891663,0.0,0.30000000000000004,7.660000000000001,45.62402594399603,24.380000000000003,0.6509340714323694,0.08455,0.1879,0.2649
2015-08-20 13:32:00,-13.492153,7.7917304,0.0,0.30000000000000004,7.94,39.99085645177485,26.68,0.4675418404509633,0.09365,0.21444999999999997,0.30895
2015-08-25 13:40:00,-13.786467,7.9596267,0.0,0.2,7.9399999999999995,39.99085645177485,26.9,0.4536584680105774,0.09365,0.21444999999999997,0.30895
2015-09-13 13:32:00,-14.647432,8.516195,0.0,0.2,7.94,39.99085645177485,27.860000000000003,0.39886711203974884,0.08564999999999999,0.19715,0.27465
2015-10-07 13:32:00,-13.17856,7.60865,0.0,0.2,7.68,45.18941259825778,35.56,0.16285566540177876,0.04825000000000001,0.1281,0.21475
2015-10-12 13:40:00,-10.86805,6.317726,0.0,0.2,7.58,47.416609055811485,35.38,0.16591775409099485,0.04825000000000001,0.1281,0.21475
2015-11-24 13:32:00,-12.426645,7.2342873,0.0,0.1,7.06,61.54963425343583,36.3,0.1509971462565492,0.4983000000000001,0.5599500000000001,0.5858500000000001
2015-11-29 13:40:00,-13.416988,7.777339,0.0,0.1,7.06,61.54963425343583,35.620000000000005,0.16185096975965127,0.4983000000000001,0.5599500000000001,0.5858500000000001
2016-01-11 13:32:00,-16.707703,9.963465,0.0,0.0,6.92,66.24538586630086,34.36,0.1847260617132691,1.18495,1.1679000000000002,1.0747
2016-02-04 13:32:00,-16.735825,9.894227,0.0,0.30000000000000004,6.9,66.95295414525917,36.42,0.1491789118138599,-0.059000000000000004,0.03875000000000001,0.09695
2016-02-09 13:40:00,-13.368851,7.7238936,0.0,0.1,6.739999999999999,72.97455120352666,35.5,0.16386831020062087,-0.059000000000000004,0.03875000000000001,0.09695
2016-02-28 13:32:00,-14.13529,8.170305,0.0,0.2,6.640000000000001,77.0905389842485,37.5,0.13400503531109542,0.08130000000000001,0.1749,0.26035
2016-03-04 13:40:00,-13.642731,7.8802705,0.0,0.2,6.459999999999999,85.27332498947479,37.220000000000006,0.13774281151009396,0.08130000000000001,0.1749,0.26035
2016-03-28 13:40:00,-13.254548,7.6875076,0.0,0.30000000000000004,6.68,75.40956499501212,37.28,0.13693080012956163,0.08095,0.17420000000000002,0.26815
2016-04-21 13:40:00,-11.738131,6.7818804,0.0,0.2,6.980000000000001,64.17899272097962,39.760000000000005,0.10810090950375766,0.05985000000000001,0.14025,0.32605
2016-06-03 13:32:00,-13.278846,7.7538433,0.0,0.6000000000000001,4.540000000000001,311.23038695040015,41.260000000000005,0.09436125339623777,0.02445,0.04820000000000001,0.37675000000000003
2016-06-08 13:40:00,-13.05257,7.5425715,0.0,1.3,4.4799999999999995,326.8066061553864,41.42,0.09303014392544041,0.02445,0.04820000000000001,0.37675000000000003
2016-07-02 13:40:00,-10.047695,5.8895206,0.0,0.4,4.859999999999999,242.38209681966416,41.4,0.09319522027944042,0.028100000000000003,0.07160000000000001,0.32880000000000004
2016-07-21 13:32:00,-11.146459,6.6738434,0.0,0.30000000000000004,6.5,83.36285632450007,40.7,0.09921532255114471,0.08165,0.2631,0.3979500000000001
2016-07-26 13:40:00,-13.921244,8.08965,0.0,0.30000000000000004,6.4799999999999995,84.31120550362493,39.0,0.11603699728364017,0.08165,0.2631,0.3979500000000001
2016-08-14 13:32:00,-14.24082,8.231516,0.0,0.30000000000000004,7.12,59.66704129345392,29.820000000000004,0.3107739351740975,0.08165,0.2631,0.3979500000000001
2016-08-19 13:40:00,-5.8659573,3.4627626,0.0,0.2,7.340000000000001,53.36076062315194,28.82,0.3522259985548449,0.08020000000000001,0.2535,0.37270000000000003
2016-09-12 13:40:00,-10.525292,6.137942,0.0,0.2,7.640000000000001,46.0639719103153,27.639999999999997,0.41064523744680875,0.0634,0.14600000000000002,0.20695000000000002
2016-11-06 13:32:00,-13.935482,8.181416,0.0,0.2,6.36,90.29918046888682,39.7,0.1087018310824016,0.0634,0.14600000000000002,0.20695000000000002
2016-11-11 13:40:00,-19.273582,11.234927,0.0,0.1,6.540000000000001,81.50651952531595,39.1,0.1149513532378219,0.0634,0.14600000000000002,0.20695000000000002
2016-12-05 13:40:00,-15.836457,9.15823,0.0,0.1,6.4399999999999995,86.24945829642496,37.339999999999996,0.13612486996852935,0.0634,0.14600000000000002,0.20695000000000002
2016-12-24 13:32:00,-12.171118,7.0422025,0.0,0.1,6.4799999999999995,84.31120550362493,28.459999999999997,0.3688588187152891,0.0634,0.14600000000000002,0.20695000000000002
2016-12-29 13:40:00,-13.685181,8.065251,0.0,0.2,6.42,87.23985402039392,28.26,0.37853202538669933,0.0634,0.14600000000000002,0.20695000000000002
2017-01-10 13:40:00,-12.975498,7.618863,0.0,0.0,7.3199999999999985,53.89788684205756,26.76,0.4624315991521728,0.0634,0.14600000000000002,0.20695000000000002
2017-01-17 13:32:00,-14.131604,8.214032,0.0,0.1,8.16,36.17349812975301,25.419999999999998,0.5583973565615197,0.0634,0.14600000000000002,0.20695000000000002
2017-02-03 13:40:00,-14.526113,8.392637,0.0,0.0,8.52,30.87212763949348,26.359999999999996,0.4887160467753201,0.07395,0.14870000000000003,0.20639999999999997
2017-02-22 13:32:00,-11.083944,6.4141726,0.0,0.1,8.0,38.900872276548846,29.74,0.31385360772457316,0.07395,0.14870000000000003,0.20639999999999997
2017-02-27 13:40:00,-12.306412,7.280681,0.0,0.1,7.539999999999999,48.34652843880385,30.919999999999998,0.2720804703829308,0.07395,0.14870000000000003,0.20639999999999997
2017-03-05 13:39:00,-12.453231,7.3406973,0.0,0.1,7.239999999999999,56.11646542987346,30.6,0.28267142141109514,0.07395,0.14870000000000003,0.20639999999999997
2017-03-06 13:32:00,-12.437041,7.2233796,0.0,0.1,7.18,57.85711069948217,30.8,0.2759919205281464,0.07395,0.14870000000000003,0.20639999999999997
2017-03-17 13:39:00,-14.817507,8.795358,0.0,0.1,6.039999999999999,109.13951575939481,39.4,0.11177103193469842,0.07395,0.14870000000000003,0.20639999999999997
2017-05-04 13:39:00,-13.538582,7.929077,0.014882353070539003,0.5,7.4,51.78972333056487,41.04,0.09623136441365795,0.07395,0.14870000000000003,0.20639999999999997
2017-05-05 13:32:00,-15.355087,8.9223175,0.0,0.5,7.3,54.44191156752119,41.2,0.09486666306155588,0.07395,0.14870000000000003,0.20639999999999997
2017-05-28 13:39:00,-13.455738,7.8182826,0.0,0.8,8.14,36.50081771807176,39.92,0.10651898871944976,0.08145000000000001,0.16705,0.23575000000000002
2017-05-29 13:32:00,-13.564888,7.8444777,0.0,0.8,8.02,38.54596107543013,39.12,0.11473577739137632,0.08145000000000001,0.16705,0.23575000000000002
2017-06-10 13:32:00,-8.580497,4.971887,0.0,0.8,9.64,19.619073267448858,30.279999999999994,0.293792553278064,0.08145000000000001,0.16705,0.23575000000000002
2017-06-22 13:32:00,-14.751577,8.561499,0.0,1.1,11.16,11.462194284774386,36.82000000000001,0.14331581310619607,0.08045,0.1497,0.20865
2017-07-03 13:39:00,-15.000918,8.716627,0.0,0.7000000000000001,11.16,11.462194284774386,30.0,0.3039840056690311,0.08045,0.1497,0.20865
2017-07-04 13:32:00,-14.452759,8.366477,0.0,0.7000000000000001,11.02,12.005848549491194,29.580000000000002,0.3201303652775028,0.08045,0.1497,0.20865
2017-07-15 13:39:00,-14.372263,8.301309,0.0,0.5,8.94,25.873555533232707,26.02,0.5125692414651994,0.08045,0.1497,0.20865
2017-07-16 13:32:00,-15.348711,8.865511,0.0,0.5,8.8,27.416899661294494,25.54,0.5488269847628626,0.08045,0.1497,0.20865
2017-07-27 13:39:00,-13.363696,7.724097,0.0,0.30000000000000004,8.139999999999999,36.50081771807178,23.96,0.6938083503603232,0.077,0.1565,0.22210000000000002
2017-07-28 13:32:00,-14.953149,8.6339445,0.0,0.30000000000000004,8.24,34.90096778294082,24.359999999999996,0.6528979615517632,0.077,0.1565,0.22210000000000002
2017-08-08 13:39:00,-13.708965,7.926114,0.0,0.30000000000000004,8.64,29.327163461100064,24.759999999999998,0.6150083257420409,0.077,0.1565,0.22210000000000002
2017-08-09 13:32:00,-16.146095,9.344497,0.0,0.30000000000000004,8.28,34.28605239741925,24.419999999999998,0.6470287876929288,0.077,0.1565,0.22210000000000002
2017-08-20 13:39:00,-14.302719,8.276374,0.0,0.2,9.1,24.242496599434972,23.999999999999996,0.6895731603522699,0.03675,0.1111,0.14685
2017-08-21 13:32:00,-14.59687,8.529721,0.0,0.2,9.319999999999999,22.20728034944022,23.78,0.7132815645896026,0.03675,0.1111,0.14685
2017-09-01 13:39:00,-15.681323,9.057225,0.0,0.2,9.639999999999999,19.61907326744887,23.68,0.7244008939533519,0.03675,0.1111,0.14685
2017-09-02 13:32:00,-14.715504,8.592145,0.0,0.2,9.78,18.607716979893578,23.419999999999998,0.7543612601025317,0.03675,0.1111,0.14685
2017-09-13 13:39:00,-15.077744,8.715907,0.0,0.2,10.100000000000001,16.533590097205558,23.32,0.7663035578779662,0.03675,0.1111,0.14685
2017-09-14 13:32:00,-12.976059,7.5025625,0.0,0.2,10.1,16.533590097205572,23.48,0.7473094350487949,0.03675,0.1111,0.14685
2017-09-25 13:39:00,-10.859548,6.2903576,0.0,0.2,10.100000000000001,16.533590097205558,39.239999999999995,0.11345306773009951,0.0999,0.2261,0.31860000000000005
2017-10-07 13:39:00,-11.128148,6.4248724,0.0,0.1,9.74,18.889766973871033,38.92,0.11691492104274331,0.0999,0.2261,0.31860000000000005
2017-10-08 13:32:00,-17.844917,10.486622,0.0,0.1,9.86,18.059505745762,38.68,0.11959990683872591,0.0999,0.2261,0.31860000000000005
2017-10-19 13:39:00,-14.8962555,8.78908,0.0,0.2,9.7,19.17727941254576,37.64,0.13218452573431844,0.0999,0.2261,0.31860000000000005
2017-10-20 13:32:00,-13.490693,7.7928414,0.0,0.2,9.620000000000001,19.76921112083847,37.62,0.13244266346611364,0.0999,0.2261,0.31860000000000005
2017-11-01 13:32:00,-13.703811,7.911994,0.0,0.0,9.719999999999999,19.032832409670284,35.68000000000001,0.16085414764150874,0.0999,0.2261,0.31860000000000005
2017-11-13 13:32:00,-10.75116,6.208345,0.009921569098700204,0.1,9.319999999999999,22.20728034944022,38.04,0.12715361979439924,0.0999,0.2261,0.31860000000000005
2017-11-24 13:39:00,-12.446741,7.198305,0.0,0.2,9.36,21.860901516945813,39.260000000000005,0.11324105991831057,0.0999,0.2261,0.31860000000000005
2017-12-06 13:39:00,-14.603788,8.4976015,0.004960784549350102,0.0,9.38,21.690289443968627,36.96,0.14133317296145664,0.5092000000000001,0.5323,0.5260500000000001
2017-12-07 13:32:00,-13.444323,7.809351,0.0,0.0,9.54,20.384587770139326,36.739999999999995,0.1444646511561126,0.5092000000000001,0.5323,0.5260500000000001
2017-12-19 13:32:00,-12.07195,7.0260987,0.0,0.0,8.3,33.98376298121147,35.64,0.16151782459477285,0.5092000000000001,0.5323,0.5260500000000001
2017-12-30 13:39:00,-12.177296,7.0357537,0.0,0.0,8.78,27.64684568682184,35.52,0.16352987399090976,0.5092000000000001,0.5323,0.5260500000000001
2018-01-23 13:39:00,-11.827957,6.8658886,0.0,0.1,6.279999999999999,94.59397903335484,38.7,0.11937318073953126,0.5092000000000001,0.5323,0.5260500000000001
2018-01-24 13:32:00,-16.156454,9.333631,0.0,0.1,6.359999999999999,90.29918046888689,38.339999999999996,0.1235394590944688,0.5092000000000001,0.5323,0.5260500000000001
2018-02-04 13:39:00,-12.8369665,7.4226594,0.0,0.1,5.9799999999999995,113.21327870738071,36.76,0.144176346330755,0.5092000000000001,0.5323,0.5260500000000001
2018-02-05 13:32:00,-14.373334,8.389426,0.0,0.0,5.92,117.48250738464952,36.68,0.14533397854665256,0.5092000000000001,0.5323,0.5260500000000001
2018-02-17 13:32:00,-18.251097,10.613608,0.0,0.0,5.82,125.06386645219722,35.04,0.1719043541058416,0.023700000000000002,0.0794,0.12040000000000001
2018-03-01 13:32:00,-12.3852825,7.2454295,0.0,0.1,6.44,86.24945829642496,28.040000000000003,0.38954855662511984,0.023700000000000002,0.0794,0.12040000000000001
2018-03-12 13:39:00,-10.837022,6.265967,0.0,0.2,6.540000000000001,81.50651952531595,30.22,0.29593939549845527,0.023700000000000002,0.0794,0.12040000000000001
2018-03-13 13:32:00,-15.279444,8.82188,0.0,0.2,6.5600000000000005,80.59806922815052,30.2,0.29665944316044557,0.023700000000000002,0.0794,0.12040000000000001
2018-04-05 13:39:00,-10.136917,5.865461,0.0,0.1,5.840000000000001,123.49886939811111,40.18,0.10401064862583421,0.06575,0.13535000000000003,0.19344999999999998
2018-04-17 13:39:00,-10.55355,6.2002597,0.0,0.2,5.92,117.48250738464952,41.6,0.09156106988522067,0.06575,0.13535000000000003,0.19344999999999998
2018-04-29 13:39:00,-11.246353,6.6094604,0.0,0.4,6.74,72.9745512035266,41.9,0.08917757695528533,0.08285,0.17915000000000003,0.24465
2018-04-30 13:32:00,-8.22393,4.8007164,0.0,0.5,6.840000000000001,69.13416921602295,42.06,0.08793863578852626,0.08285,0.17915000000000003,0.24465
2018-06-05 13:32:00,-9.684168,5.630107,0.0,0.7000000000000001,7.739999999999999,43.91679227121349,43.279999999999994,0.07917658586229795,0.06875,0.14625000000000002,0.3043
2018-06-28 13:39:00,-11.321518,6.6287923,0.0,1.0,9.26,22.74005311126622,43.879999999999995,0.07527455274184162,0.030300000000000004,0.04590000000000001,0.3813
2018-07-10 13:39:00,-11.902041,6.897319,0.0,1.0,9.2,23.28919647978622,43.239999999999995,0.07944577583470944,0.030300000000000004,0.04590000000000001,0.3813
2018-07-22 13:39:00,-11.451334,6.6382036,0.0,0.7000000000000001,8.9,26.302975901118113,43.06,0.08067164411781841,0.030300000000000004,0.04590000000000001,0.3813
2018-08-04 13:32:00,-10.116081,5.873085,0.0,0.4,9.24,22.921252133641783,42.779999999999994,0.0826268051890882,0.0859,0.18150000000000002,0.31405
2018-08-15 13:39:00,-15.598196,9.020525,0.0,0.30000000000000004,9.120000000000001,24.047919481574556,42.46,0.08493572779977593,0.0859,0.18150000000000002,0.31405
2018-08-16 13:32:00,-14.132904,8.233003,0.0,0.4,8.959999999999999,25.662189769553834,42.34,0.08582271085755083,0.0859,0.18150000000000002,0.31405
2018-08-27 13:40:00,-9.032602,5.2224817,0.0,0.30000000000000004,8.860000000000001,26.741506047231663,41.22,0.09469781129768028,0.08305,0.2585,0.3878
2018-09-08 13:40:00,-13.54928,7.8764777,0.0,0.2,8.74,28.114148457890327,41.64,0.0912386258533365,0.08305,0.2585,0.3878
2018-09-09 13:32:00,-17.1823,9.936126,0.0,0.2,8.74,28.114148457890327,41.46,0.09270110583128043,0.08305,0.2585,0.3878
2018-09-20 13:40:00,-9.378361,5.4180818,0.0,0.2,8.520000000000001,30.872127639493463,40.28000000000001,0.10306593637286444,0.0765,0.2163,0.31310000000000004
2018-09-20 13:40:00,-9.219287,5.3634233,0.0,0.2,8.520000000000001,30.872127639493463,40.28000000000001,0.10306593637286444,0.0765,0.2163,0.31310000000000004
2018-10-26 13:40:00,-11.901767,6.9136944,0.0,0.2,7.8199999999999985,42.29002419275012,39.36,0.11218854958242257,0.06275000000000001,0.15250000000000002,0.2116
2018-10-27 13:32:00,-13.528702,7.8113127,0.0,0.1,8.080000000000002,37.5056574118318,39.38,0.11197954315726619,0.06275000000000001,0.15250000000000002,0.2116
2018-11-19 13:40:00,-11.820535,6.862979,0.0,0.2,7.76,43.50274002858473,36.9,0.1421785747968024,0.04775,0.13615,0.1954
2018-11-20 13:32:00,-16.555943,9.6704445,0.0,0.1,7.859999999999999,41.50537823080667,37.1,0.13938530173604824,0.04775,0.13615,0.1954
2018-12-01 13:40:00,-14.995857,8.723769,0.0,0.1,7.540000000000001,48.346528438803816,37.239999999999995,0.1374714619267107,0.048100000000000004,0.1505,0.21415
2018-12-13 13:40:00,-12.185106,7.0705733,0.054568627155294605,0.1,7.580000000000001,47.416609055811485,28.520000000000003,0.3660183309797702,0.048100000000000004,0.1505,0.21415
2018-12-14 13:32:00,-15.152483,8.877884,0.0,0.1,7.540000000000001,48.346528438803816,28.8,0.35312469493724313,0.048100000000000004,0.1505,0.21415
2019-01-06 13:39:00,-13.772303,8.057165,0.0,0.1,7.139999999999999,59.05582816457513,29.46,0.32494305603916707,0.049550000000000004,0.16335000000000002,0.22790000000000002
2019-01-07 13:32:00,-17.38823,10.2562,0.0,0.1,7.38,52.306781942860674,30.240000000000002,0.29522157017259637,0.049550000000000004,0.16335000000000002,0.22790000000000002
2019-01-18 13:39:00,-14.694542,8.535831,0.0,0.1,7.2,57.26935862028117,26.740000000000002,0.46370246934340087,0.79125,0.87105,0.86445
